kinematics:
  shoulder:
    x: 0
    y: 0
    z: 0.08937134703491942
    roll: -0
    pitch: 0
    yaw: 4.514551489238843e-06
  upper_arm:
    x: 0.0001321137074317462
    y: 0
    z: 0
    roll: 1.570063649827782
    pitch: 0
    yaw: -1.352346393715745e-05
  forearm:
    x: -0.4255449703225349
    y: 0
    z: 0
    roll: 0.0001144285006448009
    pitch: 0.002070359448499527
    yaw: -2.146886290753396e-05
  wrist_1:
    x: -0.392516785085121
    y: -0.000966137287298288
    z: 0.1104166130194355
    roll: 0.008749703561767018
    pitch: -0.0004288514170995463
    yaw: 4.801536851851146e-05
  wrist_2:
    x: 0.0001654466149695352
    y: -0.0948426494767373
    z: 5.63038914451094e-05
    roll: 1.570202671038321
    pitch: 0
    yaw: -1.78412820396814e-05
  wrist_3:
    x: -1.832260445740616e-06
    y: 0.08246705770629091
    z: 1.803800718426803e-05
    roll: 1.571015056641678
    pitch: 3.141592653589793
    yaw: 3.141547454888485
  hash: calib_4718719711446823951