kinematics:
  shoulder:
    x: 0
    y: 0
    z: 0.1627363556433776
    roll: -0
    pitch: 0
    yaw: 4.625190282159242e-08
  upper_arm:
    x: 0.0002205817120610932
    y: 0
    z: 0
    roll: 1.571226359797746
    pitch: 0
    yaw: -3.49220174128312e-07
  forearm:
    x: -0.425116175377411
    y: 0
    z: 0
    roll: 8.134839985746681e-05
    pitch: -0.0008663512413884584
    yaw: 1.52806115699413e-05
  wrist_1:
    x: -0.3925512992271656
    y: -0.001230257902112685
    z: 0.1333996532492845
    roll: 0.009222085630843252
    pitch: -0.0008738908621781021
    yaw: -9.076950843974252e-06
  wrist_2:
    x: 1.166761601904773e-05
    y: -0.09960457294719939
    z: 0.0002544421483492764
    roll: 1.568241809593915
    pitch: 0
    yaw: -2.005343261619885e-07
  wrist_3:
    x: 3.619751264490816e-05
    y: 0.09966526524324835
    z: 0.0002733233667279759
    roll: 1.573538733398216
    pitch: 3.141592653589793
    yaw: -3.141592524105028
  hash: calib_16537361983677179924